9.366788715124130249e-02
8.807683736085891724e-02
6.629525870084762573e-02
6.536481529474258423e-02
8.892025798559188843e-02
1.107864081859588623e-01
7.956330478191375732e-02
5.422247052192687988e-01
3.521680831909179688e-01
1.068069487810134888e-01
7.211368530988693237e-02
2.801708877086639404e-01
1.313981413841247559e-01
4.176545739173889160e-01
3.974403738975524902e-01
4.697099924087524414e-01
4.830604493618011475e-01
5.711142420768737793e-01
4.923641383647918701e-01
3.081492185592651367e-01
4.254396855831146240e-01
3.284376859664916992e-01
4.801937341690063477e-01
4.949889481067657471e-01
1.835182011127471924e-01
-6.713017821311950684e-03
2.771129459142684937e-02
7.755160331726074219e-02
1.440609097480773926e-01
1.558906137943267822e-01
1.342260837554931641e-01
5.246066302061080933e-02
4.202140867710113525e-01
9.073193073272705078e-01
9.362403154373168945e-01
9.657366275787353516e-01
9.472717642784118652e-01
9.676694869995117188e-01
8.905915617942810059e-01
9.770588278770446777e-01
9.454612135887145996e-01
9.628613591194152832e-01
9.651489853858947754e-01
9.203621149063110352e-01
9.506720900535583496e-01
8.766436576843261719e-01
9.050560593605041504e-01
9.490314722061157227e-01
9.531385302543640137e-01
9.252256751060485840e-01
9.420036673545837402e-01
9.606453776359558105e-01
9.527081847190856934e-01
9.808409810066223145e-01
8.846252560615539551e-01
9.859420657157897949e-01
9.695177078247070312e-01
9.595543146133422852e-01
9.692887663841247559e-01
9.673020243644714355e-01
9.148684144020080566e-01
9.148415327072143555e-01
7.787038683891296387e-01
8.406866788864135742e-01
9.338912367820739746e-01
9.587824940681457520e-01
9.436411261558532715e-01
9.477697014808654785e-01
9.782837033271789551e-01
9.640247225761413574e-01
9.662234187126159668e-01
9.698507189750671387e-01
9.667336344718933105e-01
9.179239869117736816e-01
9.722400307655334473e-01
9.378100037574768066e-01
8.180282711982727051e-01
9.709468483924865723e-01
9.609768986701965332e-01
9.441211819648742676e-01
9.838219285011291504e-01
8.815268874168395996e-01
9.788374304771423340e-01
9.521970748901367188e-01
8.937666416168212891e-01
9.478452205657958984e-01
8.271229863166809082e-01
9.974879622459411621e-01
9.879768490791320801e-01
9.894250035285949707e-01
9.598757624626159668e-01
9.811400175094604492e-01
5.029550790786743164e-01
4.354932308197021484e-01
5.898937582969665527e-01
6.480487585067749023e-01
4.210830926895141602e-01
4.852170646190643311e-01
6.835212558507919312e-02
3.459633141756057739e-02
3.845729678869247437e-02
3.159352391958236694e-02
4.523687064647674561e-03
5.259741097688674927e-02
2.043191343545913696e-02
5.746684223413467407e-02
3.213807195425033569e-02
3.453645110130310059e-02
5.503815412521362305e-02
2.195852249860763550e-02
3.690540045499801636e-02
8.616864681243896484e-03
5.057282745838165283e-02
1.177488341927528381e-01
1.296712756156921387e-01
7.079773396253585815e-02
2.523507177829742432e-02
8.423174917697906494e-02
1.250827014446258545e-01
3.166991174221038818e-01
4.387687444686889648e-01
4.833545982837677002e-01
2.469514906406402588e-01
5.180698037147521973e-01
7.746544480323791504e-01
4.632707834243774414e-01
5.196041464805603027e-01
4.465981721878051758e-01
8.033312112092971802e-02
1.017578914761543274e-01
1.177726015448570251e-01
3.536221385002136230e-01
5.051564425230026245e-02
6.478016823530197144e-02
3.407524526119232178e-02
5.085700005292892456e-02
8.403686434030532837e-02
1.510965377092361450e-01
2.277352511882781982e-01
4.862188398838043213e-01
5.949746966361999512e-01
3.923978209495544434e-01
5.061337947845458984e-01
1.426564753055572510e-01
4.844883084297180176e-02
2.579041570425033569e-02
1.823545247316360474e-02
8.025018125772476196e-02
4.368472844362258911e-02
1.823346316814422607e-01
-1.133146882057189941e-02
1.205632835626602173e-02
6.488870829343795776e-02
5.824410915374755859e-02
2.533424645662307739e-02
3.441464155912399292e-02
4.007256776094436646e-02
2.309782058000564575e-02
2.855253964662551880e-02
1.747985929250717163e-02
1.469335705041885376e-02
8.505240082740783691e-03
4.071198403835296631e-03
3.789395838975906372e-02
1.047020480036735535e-01
3.543064743280410767e-02
2.772268652915954590e-02
4.470652341842651367e-02
6.091600656509399414e-02
2.817063778638839722e-02
8.148261904716491699e-02
2.412921190261840820e-01
2.765888869762420654e-01
4.377931654453277588e-01
3.322688341140747070e-01
3.049735426902770996e-01
4.374992549419403076e-01
4.437178075313568115e-01
4.517143964767456055e-01
5.022591352462768555e-01
4.798433184623718262e-01
4.384074509143829346e-01
3.657184243202209473e-01
6.764093786478042603e-02
3.902299702167510986e-02
1.428819447755813599e-02
7.881298661231994629e-03
1.938698440790176392e-02
9.361170232295989990e-02
1.063803881406784058e-01
6.935761868953704834e-02
8.743304759263992310e-02
1.552341878414154053e-01
4.619807898998260498e-01
6.986027359962463379e-01
3.339259624481201172e-01
9.402338415384292603e-02
6.780239194631576538e-02
-3.577075898647308350e-03
6.329279392957687378e-02
-7.123500108718872070e-03
1.155528426170349121e-01
1.262105107307434082e-01
3.428198397159576416e-02
2.082439512014389038e-02
6.882920861244201660e-04
4.730477184057235718e-02
1.148720085620880127e-02
3.916801512241363525e-02
1.284246146678924561e-01
6.356151401996612549e-02
4.074195027351379395e-02
6.747509539127349854e-02
-3.147192299365997314e-03
-1.984864473342895508e-03
6.707774847745895386e-02
1.205464452505111694e-02
4.768123477697372437e-02
3.734216094017028809e-01
5.878511071205139160e-01
3.816713094711303711e-01
6.105360984802246094e-01
3.817759752273559570e-01
4.344779849052429199e-01
4.814795404672622681e-02
6.391409039497375488e-02
5.327444523572921753e-02
8.702326565980911255e-02
7.552048563957214355e-02
2.805815637111663818e-02
2.925087511539459229e-02
5.834364891052246094e-02
7.455430179834365845e-02
4.027859866619110107e-01
9.865371137857437134e-02
1.958220452070236206e-02
1.111681610345840454e-01
1.371065825223922729e-01
1.021887660026550293e-01
5.647136270999908447e-02
1.452198922634124756e-01
4.808304905891418457e-01
3.461637198925018311e-01
4.389099776744842529e-01
2.659392356872558594e-01
4.464999437332153320e-01
4.917371571063995361e-01
2.918276786804199219e-01
4.826245903968811035e-01
4.523608684539794922e-01
5.851389169692993164e-01
4.302557706832885742e-01
3.516955971717834473e-01
4.109215438365936279e-01
5.926514863967895508e-01
5.831584930419921875e-01
6.095135211944580078e-01
1.483416855335235596e-01
1.110990568995475769e-01
8.710535615682601929e-02
5.508671700954437256e-02
1.588232219219207764e-01
8.321496099233627319e-02
6.356400251388549805e-02
5.868155509233474731e-02
3.106714040040969849e-02
1.991808414459228516e-01
1.527726054191589355e-01
2.363540828227996826e-01
5.903325676918029785e-01
5.518032312393188477e-01
7.205541133880615234e-01
9.520831704139709473e-01
9.754106402397155762e-01
9.392063021659851074e-01
9.698967933654785156e-01
9.023970961570739746e-01
9.073482155799865723e-01
9.462015032768249512e-01
9.430065751075744629e-01
9.390484690666198730e-01
8.822656869888305664e-01
8.915569186210632324e-01
9.411450028419494629e-01
9.323231577873229980e-01
8.844268321990966797e-01
8.740730881690979004e-01
9.079836010932922363e-01
9.678673148155212402e-01
9.349548220634460449e-01
9.301131963729858398e-01
8.285639286041259766e-01
9.583553671836853027e-01
9.456135630607604980e-01
9.404574036598205566e-01
9.355694651603698730e-01
8.952232003211975098e-01
7.638223767280578613e-01
9.405109286308288574e-01
7.671416401863098145e-01
9.667274951934814453e-01
9.418016076087951660e-01
9.665026664733886719e-01
9.788889884948730469e-01
9.911669492721557617e-01
9.810862541198730469e-01
9.388912320137023926e-01
8.189613819122314453e-01
9.864005446434020996e-01
9.908242225646972656e-01
9.757925868034362793e-01
9.773070216178894043e-01
9.989685416221618652e-01
9.985510110855102539e-01
9.675316214561462402e-01
9.863081574440002441e-01
9.883997440338134766e-01
9.754658341407775879e-01
9.859802126884460449e-01
9.044260382652282715e-01
9.779255390167236328e-01
9.700421690940856934e-01
9.918723702430725098e-01
9.974943995475769043e-01
9.798613190650939941e-01
9.838471412658691406e-01
9.547756314277648926e-01
9.762257337570190430e-01
9.821420907974243164e-01
9.908939599990844727e-01
9.349454045295715332e-01
2.867892086505889893e-01
3.336225748062133789e-01
5.198971033096313477e-01
5.634036064147949219e-01
-3.228552639484405518e-03
2.009598165750503540e-02
2.441377937793731689e-02
3.393457084894180298e-02
2.204570919275283813e-02
1.457761973142623901e-02
2.660721540451049805e-02
1.603872627019882202e-01
1.611118167638778687e-01
2.725899219512939453e-01
4.307165741920471191e-01
4.840457737445831299e-01
3.221547603607177734e-02
4.379521310329437256e-02
2.284906208515167236e-01
7.039890438318252563e-02
1.469830423593521118e-02
5.169928073883056641e-03
2.782129049301147461e-01
5.600330829620361328e-01
4.063524901866912842e-01
4.466236233711242676e-01
3.805901706218719482e-01
3.834755420684814453e-01
4.077787101268768311e-01
8.053836226463317871e-02
3.648418933153152466e-02
2.785091102123260498e-02
1.055037230253219604e-02
8.829586207866668701e-03
2.009490132331848145e-02
1.045848131179809570e-01
8.481793105602264404e-02
5.641349405050277710e-02
2.538258582353591919e-02
5.730294436216354370e-02
1.066203415393829346e-02
4.197441786527633667e-02
4.307074099779129028e-02
7.328347116708755493e-02
6.612645089626312256e-02
1.507167965173721313e-01
5.725679546594619751e-02
2.358709573745727539e-01
5.984820425510406494e-02
4.830452054738998413e-02
7.067372649908065796e-02
5.761640518903732300e-02
8.089253306388854980e-02
3.018148988485336304e-02
1.212211847305297852e-01
5.978919267654418945e-01
9.541208148002624512e-01
9.474050402641296387e-01
9.816567897796630859e-01
9.854808449745178223e-01
9.234830737113952637e-01
9.815890192985534668e-01
9.960947036743164062e-01
9.722598791122436523e-01
9.531409740447998047e-01
9.913024902343750000e-01
9.858365654945373535e-01
9.550822973251342773e-01
9.794003367424011230e-01
9.785669445991516113e-01
1.003772258758544922e+00
9.847244620323181152e-01
9.890869855880737305e-01
9.929730296134948730e-01
9.699969887733459473e-01
9.885730147361755371e-01
9.756132960319519043e-01
9.997437596321105957e-01
9.822898507118225098e-01
9.844121336936950684e-01
9.976275563240051270e-01
9.699127078056335449e-01
9.963440299034118652e-01
9.923737645149230957e-01
9.974941611289978027e-01
9.944799542427062988e-01
9.973059892654418945e-01
9.945225715637207031e-01
9.947996139526367188e-01
9.856120347976684570e-01
9.871405959129333496e-01
9.822344183921813965e-01
9.522612690925598145e-01
9.910178780555725098e-01
9.966523051261901855e-01
9.877225756645202637e-01
9.919108748435974121e-01
9.816420674324035645e-01
9.692662358283996582e-01
9.414948225021362305e-01
9.721534252166748047e-01
9.880134463310241699e-01
9.800239205360412598e-01
9.825134873390197754e-01
9.796023964881896973e-01
9.708414673805236816e-01
9.839635491371154785e-01
9.455140233039855957e-01
9.810425639152526855e-01
9.763199090957641602e-01
8.953947424888610840e-01
9.520561099052429199e-01
9.539002180099487305e-01
9.849436879158020020e-01
9.792929291725158691e-01
9.881859421730041504e-01
9.815121889114379883e-01
9.809529781341552734e-01
9.920665621757507324e-01
9.885787367820739746e-01
9.938604831695556641e-01
9.939638972282409668e-01
1.001232624053955078e+00
9.963317513465881348e-01
9.814247488975524902e-01
8.856540322303771973e-01
9.819513559341430664e-01
9.805063605308532715e-01
1.000779509544372559e+00
9.509970545768737793e-01
9.761461019515991211e-01
9.916799664497375488e-01
1.002753257751464844e+00
9.877296686172485352e-01
9.903320670127868652e-01
9.916634559631347656e-01
9.994371533393859863e-01
9.944782853126525879e-01
9.677058458328247070e-01
9.780813455581665039e-01
9.371226429939270020e-01
9.872196316719055176e-01
9.370443224906921387e-01
9.946257472038269043e-01
9.925588965415954590e-01
9.807521700859069824e-01
9.603096842765808105e-01
9.747568964958190918e-01
9.711294770240783691e-01
9.850409626960754395e-01
9.650357365608215332e-01
9.847453236579895020e-01
9.911905527114868164e-01
9.878650903701782227e-01
9.848501086235046387e-01
9.892354011535644531e-01
9.337752461433410645e-01
9.789278507232666016e-01
9.417718052864074707e-01
9.876335263252258301e-01
9.857336878776550293e-01
9.079876542091369629e-01
9.302673339843750000e-01
9.414408802986145020e-01
9.725475907325744629e-01
9.949976801872253418e-01
9.892846345901489258e-01
9.806179404258728027e-01
9.909890294075012207e-01
