4.348655641078948975e-01
3.299277126789093018e-01
3.080745935440063477e-01
2.554157078266143799e-01
2.143036574125289917e-01
2.061663269996643066e-01
1.588109433650970459e-01
1.654204875230789185e-01
1.404509544372558594e-01
1.202277317643165588e-01
1.677415668964385986e-01
1.246588900685310364e-01
1.085864901542663574e-01
9.605763107538223267e-02
9.800966084003448486e-02
9.485644847154617310e-02
9.119733422994613647e-02
8.158797770738601685e-02
8.490359783172607422e-02
8.460808545351028442e-02
9.526927769184112549e-02
9.704702347517013550e-02
9.180131554603576660e-02
1.001892983913421631e-01
9.590023010969161987e-02
9.703870862722396851e-02
7.695930451154708862e-02
7.903262227773666382e-02
7.382737100124359131e-02
6.423234939575195312e-02
9.677819907665252686e-02
9.493005275726318359e-02
8.996313065290451050e-02
8.358219265937805176e-02
6.844637542963027954e-02
7.143085449934005737e-02
5.964395403861999512e-02
4.734558984637260437e-02
4.543608054518699646e-02
4.339889809489250183e-02
3.993249312043190002e-02
3.538328781723976135e-02
3.085174039006233215e-02
2.467585541307926178e-02
2.241920121014118195e-02
1.800840906798839569e-02
1.467226818203926086e-02
1.132366713136434555e-02
1.108320429921150208e-02
9.469534270465373993e-03
1.003984641283750534e-02
8.512312546372413635e-03
6.468918174505233765e-03
5.477092694491147995e-03
5.019229371100664139e-03
3.302712459117174149e-03
4.998156800866127014e-03
2.323780674487352371e-03
5.723781418055295944e-03
4.385034553706645966e-03
5.460585001856088638e-03
6.736902054399251938e-03
4.884430207312107086e-03
3.585073631256818771e-03
3.089827718213200569e-03
3.276530420407652855e-03
7.210392970591783524e-03
4.326899070292711258e-03
5.072160623967647552e-03
2.083232160657644272e-03
3.505308181047439575e-03
5.345091689378023148e-03
5.828063935041427612e-03
4.468868952244520187e-03
3.826512722298502922e-03
4.782269708812236786e-03
4.101290833204984665e-03
3.691178513690829277e-03
5.440282635390758514e-03
3.683869261294603348e-03
5.089357495307922363e-03
4.195036832243204117e-03
3.669555298984050751e-03
3.335559042170643806e-03
3.885152749717235565e-03
1.878085429780185223e-03
2.742149168625473976e-03
3.019995056092739105e-03
4.428671207278966904e-03
3.847048850730061531e-03
3.315984737128019333e-03
2.699445467442274094e-03
4.899281542748212814e-03
3.015415510162711143e-03
3.233221359550952911e-03
2.951228292658925056e-03
2.863519359380006790e-03
2.714475383982062340e-03
4.227999132126569748e-03
4.995784722268581390e-03
2.835092367604374886e-03
3.974051214754581451e-03
2.488162601366639137e-03
2.542968373745679855e-03
3.180266357958316803e-03
3.099069232121109962e-03
3.129936289042234421e-03
3.466152120381593704e-03
3.503798972815275192e-03
4.444350488483905792e-03
3.262595972046256065e-03
2.761273412033915520e-03
2.538747387006878853e-03
2.740616211667656898e-03
2.612220589071512222e-03
2.507589757442474365e-03
2.050875453278422356e-03
3.865155391395092010e-03
2.467366168275475502e-03
3.595786634832620621e-03
4.106204491108655930e-03
3.038578666746616364e-03
2.243665745481848717e-03
2.575861755758523941e-03
2.388856373727321625e-03
1.989241689443588257e-03
3.120749024674296379e-03
3.428020048886537552e-03
3.596277674660086632e-03
2.926028333604335785e-03
4.638946615159511566e-03
1.377440057694911957e-03
1.979960594326257706e-03
2.561498200520873070e-03
2.701374469324946404e-03
2.530921017751097679e-03
2.833827165886759758e-03
1.956378575414419174e-03
2.282930770888924599e-03
2.085133455693721771e-03
2.074894262477755547e-03
1.742564607411623001e-03
2.359811682254076004e-03
2.348332433030009270e-03
2.524836687371134758e-03
2.938619814813137054e-03
2.648752881214022636e-03
2.713750582188367844e-03
1.750362920574843884e-03
2.440268639475107193e-03
2.619527745991945267e-03
1.992250094190239906e-03
2.608143026009202003e-03
3.470082301646471024e-03
1.318892464041709900e-03
2.273006364703178406e-03
2.319150371477007866e-03
2.027283189818263054e-03
1.802929560653865337e-03
2.894853008911013603e-03
1.884691650047898293e-03
2.915602875873446465e-03
3.001496195793151855e-03
1.592717249877750874e-03
2.577372360974550247e-03
2.390559529885649681e-03
1.760302460752427578e-03
1.724945730529725552e-03
2.290520817041397095e-03
1.972366124391555786e-03
2.649604342877864838e-03
2.240906702354550362e-03
2.591104479506611824e-03
1.966665731742978096e-03
2.028293907642364502e-03
1.907198689877986908e-03
2.071107970550656319e-03
2.396503230556845665e-03
2.438464667648077011e-03
1.742288470268249512e-03
1.668507698923349380e-03
1.279036398045718670e-03
2.017832128331065178e-03
3.011901397258043289e-03
2.600170671939849854e-03
1.534516224637627602e-03
1.469678245484828949e-03
1.511217677034437656e-03
2.171045634895563126e-03
1.612957799807190895e-03
3.113021841272711754e-03
2.093705814331769943e-03
1.837993855588138103e-03
2.607993315905332565e-03
1.753597520291805267e-03
2.617554273456335068e-03
1.582459430210292339e-03
2.135552931576967239e-03
2.220998750999569893e-03
2.003476954996585846e-03
2.700985409319400787e-03
2.286136616021394730e-03
2.004388021305203438e-03
1.814273069612681866e-03
1.694063539616763592e-03
1.909107668325304985e-03
2.048971597105264664e-03
2.014323370531201363e-03
2.350853988900780678e-03
1.544056111015379429e-03
2.382115693762898445e-03
1.430011703632771969e-03
1.894628861919045448e-03
1.588341430760920048e-03
1.854219241067767143e-03
1.241847057826817036e-03
2.031546784564852715e-03
1.277624047361314297e-03
1.424730406142771244e-03
1.618561102077364922e-03
1.756648882292211056e-03
2.421753946691751480e-03
1.821757177822291851e-03
1.800693804398179054e-03
2.343376399949193001e-03
2.166522666811943054e-03
2.668567234650254250e-03
2.151275752112269402e-03
2.139817224815487862e-03
1.501769293099641800e-03
2.772421576082706451e-03
1.849134801886975765e-03
1.383479684591293335e-03
1.752459676936268806e-03
2.463202690705657005e-03
1.404767739586532116e-03
1.766234054230153561e-03
1.640548463910818100e-03
1.483052503317594528e-03
1.665366580709815025e-03
1.750891213305294514e-03
2.439295407384634018e-03
2.698416588827967644e-03
2.371694194152951241e-03
1.683403854258358479e-03
2.265883376821875572e-03
1.812528236769139767e-03
2.373394789174199104e-03
1.860306714661419392e-03
1.250936649739742279e-03
1.605104771442711353e-03
1.860831631347537041e-03
2.167634665966033936e-03
1.666980329900979996e-03
1.870133797638118267e-03
1.555532799102365971e-03
1.538711134344339371e-03
1.468410715460777283e-03
1.707682618871331215e-03
1.615487853996455669e-03
1.809255918487906456e-03
2.279947744682431221e-03
2.164133824408054352e-03
2.004852984100580215e-03
1.895756577141582966e-03
1.618668669834733009e-03
1.824969658628106117e-03
1.644216943532228470e-03
1.884119817987084389e-03
1.802421757020056248e-03
1.781315426342189312e-03
1.430976204574108124e-03
1.709176111035048962e-03
1.136714126914739609e-03
2.415967173874378204e-03
2.238086657598614693e-03
1.504580606706440449e-03
1.283011399209499359e-03
1.782029401510953903e-03
1.245288178324699402e-03
2.686327556148171425e-03
1.552711939439177513e-03
1.448687398806214333e-03
1.691992511041462421e-03
1.994869904592633247e-03
1.988363452255725861e-03
1.725998357869684696e-03
1.469064969569444656e-03
1.606255769729614258e-03
1.702304696664214134e-03
2.694271039217710495e-03
1.357539091259241104e-03
1.213731360621750355e-03
1.891140011139214039e-03
2.056156750768423080e-03
1.942402333952486515e-03
2.175408648326992989e-03
1.777090365067124367e-03
1.714318408630788326e-03
1.477489713579416275e-03
2.820820780470967293e-03
1.658827066421508789e-03
1.426104106940329075e-03
2.037681406363844872e-03
1.209752052091062069e-03
2.045875182375311852e-03
1.216488191857933998e-03
1.731739263050258160e-03
1.618734677322208881e-03
1.647518831305205822e-03
2.365441760048270226e-03
1.920303679071366787e-03
1.826490391977131367e-03
1.690023811534047127e-03
1.678962726145982742e-03
1.255394658073782921e-03
1.594861387275159359e-03
1.468713395297527313e-03
2.715582726523280144e-03
1.122415764257311821e-03
2.197457244619727135e-03
2.151887631043791771e-03
2.049789996817708015e-03
1.122677931562066078e-03
1.516885706223547459e-03
1.304044388234615326e-03
1.307271537370979786e-03
1.727407798171043396e-03
1.512383460067212582e-03
1.712459605187177658e-03
1.905755023472011089e-03
1.774853677488863468e-03
2.071019727736711502e-03
1.619589282199740410e-03
1.732814591377973557e-03
1.338294474408030510e-03
1.428653718903660774e-03
1.791599905118346214e-03
1.244317507371306419e-03
1.434290083125233650e-03
1.611786778084933758e-03
1.483547617681324482e-03
1.346453442238271236e-03
2.088760957121849060e-03
1.263842801563441753e-03
1.324250712059438229e-03
2.030679024755954742e-03
2.141103614121675491e-03
1.579442177899181843e-03
1.513735740445554256e-03
1.665293588303029537e-03
1.914207241497933865e-03
1.816607080399990082e-03
1.488378155045211315e-03
1.418429543264210224e-03
1.655087922699749470e-03
1.586323603987693787e-03
1.497972174547612667e-03
1.776120974682271481e-03
2.345923101529479027e-03
2.948589157313108444e-03
1.536870608106255531e-03
2.306307898834347725e-03
1.140465144999325275e-03
1.194481854327023029e-03
1.671389560215175152e-03
1.518755801953375340e-03
1.940688351169228554e-03
1.246564905159175396e-03
1.282631768845021725e-03
2.287197159603238106e-03
1.630561309866607189e-03
1.175691140815615654e-03
1.978509360924363136e-03
1.227816916070878506e-03
2.099300501868128777e-03
1.580403884872794151e-03
1.590815023519098759e-03
1.399296685121953487e-03
1.471113180741667747e-03
1.486664405092597008e-03
1.953756203874945641e-03
1.891633030027151108e-03
1.592235406860709190e-03
1.946743344888091087e-03
1.741969375871121883e-03
1.687620417214930058e-03
1.480085775256156921e-03
1.244731829501688480e-03
1.075365231372416019e-03
2.242016373202204704e-03
1.061686663888394833e-03
1.300839707255363464e-03
1.340305199846625328e-03
1.192617113701999187e-03
1.321669318713247776e-03
1.068243989720940590e-03
1.500272890552878380e-03
1.109395874664187431e-03
1.223120256327092648e-03
1.563996309414505959e-03
2.047268208116292953e-03
1.892565400339663029e-03
1.942017348483204842e-03
1.174689619801938534e-03
1.272140420041978359e-03
1.554326387122273445e-03
1.189477508887648582e-03
1.582816243171691895e-03
1.792333670891821384e-03
1.616407185792922974e-03
1.460796222090721130e-03
1.615696819499135017e-03
1.304121920838952065e-03
1.503762439824640751e-03
1.967228949069976807e-03
1.176829449832439423e-03
1.503483741544187069e-03
1.656808657571673393e-03
1.657223678193986416e-03
1.742934808135032654e-03
1.324413693509995937e-03
1.121714594773948193e-03
1.604090328328311443e-03
1.330143073573708534e-03
1.793588977307081223e-03
1.059858361259102821e-03
1.502539496868848801e-03
1.600777963176369667e-03
1.399202505126595497e-03
2.511628437787294388e-03
1.283656922169029713e-03
1.791733782738447189e-03
1.349755446426570415e-03
1.475248020142316818e-03
1.407494186423718929e-03
1.203337451443076134e-03
1.183074782602488995e-03
1.245156046934425831e-03
1.270530046895146370e-03
2.033890690654516220e-03
1.503418316133320332e-03
9.898574789986014366e-04
1.463825465179979801e-03
9.758707601577043533e-04
1.209882437251508236e-03
1.185552915558218956e-03
1.883406308479607105e-03
1.142881112173199654e-03
1.765789696946740150e-03
1.397800166159868240e-03
1.350444974377751350e-03
1.486666616983711720e-03
1.100399647839367390e-03
9.890834335237741470e-04
1.220919541083276272e-03
1.018702401779592037e-03
1.307661179453134537e-03
1.666581491008400917e-03
9.827774483710527420e-04
3.076738445088267326e-03
2.416720381006598473e-03
1.501950435340404510e-03
1.656531938351690769e-03
2.058453159406781197e-03
8.181050070561468601e-04
1.797020551748573780e-03
1.290091546252369881e-03
1.395262195728719234e-03
1.464184490032494068e-03
1.673372462391853333e-03
9.561523329466581345e-04
1.610096311196684837e-03
1.649525482207536697e-03
1.496221637353301048e-03
1.639489782974123955e-03
1.364613184705376625e-03
1.181884435936808586e-03
9.590790723450481892e-04
1.517730066552758217e-03
1.423847978003323078e-03
1.795942778699100018e-03
1.331449719145894051e-03
1.692773308604955673e-03
1.245702034793794155e-03
1.120774890296161175e-03
9.436382097192108631e-04
2.020498504862189293e-03
1.285009551793336868e-03
1.531784189864993095e-03
1.275223796255886555e-03
1.129418029449880123e-03
1.467704423703253269e-03
1.369236852042376995e-03
1.749961054883897305e-03
1.217795885168015957e-03
1.007131766527891159e-03
1.436743419617414474e-03
1.436617341823875904e-03
8.752168505452573299e-04
