3.676937222480773926e-01
1.157165298461914062e+02
2.565214335918426514e-01
1.157465820312500000e+02
2.458249330520629883e-01
1.157233428955078125e+02
2.354784756898880005e-01
1.157233886718750000e+02
2.256674766540527344e-01
1.157440414428710938e+02
2.167055457830429077e-01
1.157314682006835938e+02
2.087080925703048706e-01
1.157453384399414062e+02
2.017174810171127319e-01
1.157385635375976562e+02
1.958365738391876221e-01
1.157386856079101562e+02
1.907995194196701050e-01
1.157495117187500000e+02
1.864183843135833740e-01
1.157301635742187500e+02
1.826112866401672363e-01
1.157136001586914062e+02
1.791663914918899536e-01
1.157411117553710938e+02
1.757859289646148682e-01
1.157107925415039062e+02
1.725358217954635620e-01
1.157275619506835938e+02
1.693904101848602295e-01
1.157354507446289062e+02
1.663437336683273315e-01
1.157383651733398438e+02
1.634021997451782227e-01
1.157247543334960938e+02
1.605963855981826782e-01
1.157286911010742188e+02
1.579310595989227295e-01
1.157285690307617188e+02
1.553636640310287476e-01
1.157340316772460938e+02
1.528851985931396484e-01
1.157150421142578125e+02
1.505025625228881836e-01
1.156452407836914062e+02
1.482195556163787842e-01
1.154997558593750000e+02
1.460589468479156494e-01
1.153952026367187500e+02
1.439722031354904175e-01
1.155048141479492188e+02
1.419260650873184204e-01
1.155186996459960938e+02
1.399192065000534058e-01
1.154947738647460938e+02
1.379833817481994629e-01
1.155328521728515625e+02
1.361112892627716064e-01
1.155300827026367188e+02
1.342713385820388794e-01
1.155272140502929688e+02
1.324459463357925415e-01
1.155343551635742188e+02
1.306866109371185303e-01
1.155003890991210938e+02
1.290332823991775513e-01
1.155214614868164062e+02
1.275126636028289795e-01
1.155357589721679688e+02
1.260667294263839722e-01
1.155047378540039062e+02
1.246504783630371094e-01
1.155116729736328125e+02
1.232367753982543945e-01
1.155300064086914062e+02
1.218404769897460938e-01
1.155231246948242188e+02
1.204611286520957947e-01
1.155312728881835938e+02
1.191670894622802734e-01
1.155313873291015625e+02
1.179581880569458008e-01
1.155202636718750000e+02
1.168589219450950623e-01
1.155245590209960938e+02
1.158220767974853516e-01
1.155256347656250000e+02
1.148292422294616699e-01
1.155114364624023438e+02
1.138314008712768555e-01
1.155155868530273438e+02
1.128717884421348572e-01
1.155258560180664062e+02
1.119875907897949219e-01
1.155299911499023438e+02
1.112335845828056335e-01
1.155401153564453125e+02
1.104329377412796021e-01
1.155157394409179688e+02
1.097129136323928833e-01
1.155228042602539062e+02
1.090123578906059265e-01
1.155243759155273438e+02
1.083342581987380981e-01
1.155238037109375000e+02
1.077227368950843811e-01
1.155047607421875000e+02
1.071072816848754883e-01
1.153883819580078125e+02
1.065891310572624207e-01
1.153671417236328125e+02
1.060704216361045837e-01
1.152939376831054688e+02
1.056528836488723755e-01
1.147230377197265625e+02
1.052076593041419983e-01
1.152946777343750000e+02
1.048519387841224670e-01
1.152976455688476562e+02
1.046584174036979675e-01
1.153164443969726562e+02
1.043140813708305359e-01
1.153307647705078125e+02
1.042417287826538086e-01
1.153236083984375000e+02
1.125152334570884705e-01
1.153350219726562500e+02
1.104586869478225708e-01
1.153207931518554688e+02
1.098838821053504944e-01
1.152958755493164062e+02
1.099514737725257874e-01
1.153321914672851562e+02
1.107427105307579041e-01
1.153204574584960938e+02
1.713973879814147949e-01
1.153246994018554688e+02
1.651172041893005371e-01
1.153040924072265625e+02
1.618179827928543091e-01
1.153175430297851562e+02
1.587712317705154419e-01
1.153041610717773438e+02
1.562799513339996338e-01
1.153041763305664062e+02
1.538192778825759888e-01
1.153465499877929688e+02
1.513837128877639771e-01
1.153215332031250000e+02
1.490052640438079834e-01
1.153315429687500000e+02
1.479627937078475952e-01
1.153093414306640625e+02
1.454939395189285278e-01
1.152812118530273438e+02
1.450430452823638916e-01
1.152489013671875000e+02
1.441424936056137085e-01
1.150455093383789062e+02
1.427559703588485718e-01
1.154837188720703125e+02
1.266320496797561646e-01
1.141354598999023438e+02
1.410671323537826538e-01
1.141323776245117188e+02
1.384721994400024414e-01
1.141461791992187500e+02
1.358909606933593750e-01
1.141890869140625000e+02
1.334006339311599731e-01
1.142434692382812500e+02
1.310004889965057373e-01
1.142407836914062500e+02
1.287508457899093628e-01
1.142235717773437500e+02
1.266081780195236206e-01
1.142039108276367188e+02
1.246090531349182129e-01
1.141854019165039062e+02
1.226755380630493164e-01
1.141688766479492188e+02
1.209011673927307129e-01
1.141527862548828125e+02
1.192531585693359375e-01
1.141447677612304688e+02
1.177276149392127991e-01
1.141455612182617188e+02
1.163181290030479431e-01
1.141738052368164062e+02
1.150974854826927185e-01
1.142387466430664062e+02
1.455045193433761597e-01
1.535506134033203125e+02
1.170371100306510925e-01
9.736528778076171875e+01
1.132953166961669922e+01
9.737155914306640625e+01
1.128690814971923828e+01
9.737698364257812500e+01
1.124821662902832031e+01
9.738215637207031250e+01
1.121178722381591797e+01
9.738639068603515625e+01
1.117711925506591797e+01
9.738642883300781250e+01
1.114383220672607422e+01
9.738686370849609375e+01
1.111121273040771484e+01
9.738586425781250000e+01
1.107892894744873047e+01
9.738488006591796875e+01
1.104697036743164062e+01
9.738233947753906250e+01
1.101546001434326172e+01
9.737904357910156250e+01
1.098438262939453125e+01
9.737727355957031250e+01
1.095361804962158203e+01
9.737471771240234375e+01
1.092319488525390625e+01
9.737525177001953125e+01
1.089285469055175781e+01
9.737192535400390625e+01
1.086262607574462891e+01
9.737090301513671875e+01
1.083244419097900391e+01
9.737065887451171875e+01
1.080235481262207031e+01
9.736806488037109375e+01
1.077233028411865234e+01
9.736858367919921875e+01
1.074236202239990234e+01
9.736444091796875000e+01
1.071254730224609375e+01
9.736261749267578125e+01
1.068289661407470703e+01
9.736312103271484375e+01
1.065343475341796875e+01
9.735897064208984375e+01
1.062409877777099609e+01
9.735791015625000000e+01
1.059494972229003906e+01
9.735916900634765625e+01
1.056584548950195312e+01
9.735652923583984375e+01
1.053682327270507812e+01
9.735388946533203125e+01
1.050787639617919922e+01
9.735282135009765625e+01
1.047897338867187500e+01
9.735172271728515625e+01
1.045006084442138672e+01
9.734908294677734375e+01
1.042124176025390625e+01
9.734874725341796875e+01
1.039261913299560547e+01
9.734608459472656250e+01
1.036425781250000000e+01
9.734574890136718750e+01
1.033605098724365234e+01
9.734307098388671875e+01
1.030780220031738281e+01
9.734038543701171875e+01
1.027954292297363281e+01
9.734004974365234375e+01
1.025121974945068359e+01
9.733656311035156250e+01
1.022290039062500000e+01
9.733695983886718750e+01
1.019462871551513672e+01
9.733349609375000000e+01
1.016646671295166016e+01
9.733234405517578125e+01
1.013843822479248047e+01
9.733037567138671875e+01
1.011047554016113281e+01
9.732923126220703125e+01
1.008260059356689453e+01
9.732881927490234375e+01
1.005482864379882812e+01
9.732763671875000000e+01
1.002715969085693359e+01
9.732569122314453125e+01
9.999476432800292969e+00
9.732448577880859375e+01
9.971893310546875000e+00
9.732250976562500000e+01
9.944392204284667969e+00
9.732052612304687500e+01
9.916962623596191406e+00
9.731853485107421875e+01
9.889579772949218750e+00
9.732048797607421875e+01
9.862350463867187500e+00
9.731607818603515625e+01
9.835202217102050781e+00
9.731566619873046875e+01
9.808024406433105469e+00
9.731283569335937500e+01
9.780857086181640625e+00
9.731240081787109375e+01
9.753722190856933594e+00
9.731035614013671875e+01
9.726732254028320312e+00
9.730989074707031250e+01
9.699858665466308594e+00
9.730782318115234375e+01
9.673032760620117188e+00
9.730818176269531250e+01
9.646199226379394531e+00
9.730529785156250000e+01
9.619344711303710938e+00
9.730162811279296875e+01
9.592535972595214844e+00
9.730034637451171875e+01
9.565851211547851562e+00
9.729904174804687500e+01
9.539214134216308594e+00
9.729933929443359375e+01
9.512541770935058594e+00
9.729402923583984375e+01
9.485836982727050781e+00
9.729354095458984375e+01
9.459040641784667969e+00
9.729219818115234375e+01
9.432194709777832031e+00
9.729248046875000000e+01
9.405299186706542969e+00
9.729035949707031250e+01
9.378323554992675781e+00
9.728899383544921875e+01
9.351303100585937500e+00
9.728926849365234375e+01
9.324203491210937500e+00
9.728712463378906250e+01
9.297072410583496094e+00
9.728414154052734375e+01
9.269865989685058594e+00
9.728195190429687500e+01
9.242606163024902344e+00
9.728136444091796875e+01
9.215295791625976562e+00
9.727916717529296875e+01
9.187941551208496094e+00
9.728022766113281250e+01
9.160532951354980469e+00
9.727799987792968750e+01
9.133097648620605469e+00
9.727742004394531250e+01
9.105666160583496094e+00
9.727680969238281250e+01
9.078339576721191406e+00
9.727455902099609375e+01
9.051003456115722656e+00
9.727066040039062500e+01
9.023625373840332031e+00
9.727007293701171875e+01
8.996237754821777344e+00
9.727025604248046875e+01
8.968815803527832031e+00
9.726798248291015625e+01
8.941388130187988281e+00
9.726567840576171875e+01
8.913977622985839844e+00
9.726423645019531250e+01
8.886593818664550781e+00
9.726357269287109375e+01
8.859156608581542969e+00
9.726125335693359375e+01
8.831733703613281250e+00
9.726222229003906250e+01
8.804345130920410156e+00
9.726073455810546875e+01
8.777056694030761719e+00
9.725757598876953125e+01
8.749888420104980469e+00
9.725768280029296875e+01
8.722772598266601562e+00
9.725366973876953125e+01
8.695802688598632812e+00
9.725547790527343750e+01
8.668872833251953125e+00
9.725389862060546875e+01
8.642004966735839844e+00
9.725236511230468750e+01
8.615289688110351562e+00
9.725160980224609375e+01
8.588707923889160156e+00
9.725090789794921875e+01
8.562171936035156250e+00
9.724848937988281250e+01
8.535609245300292969e+00
9.724938964843750000e+01
8.508995056152343750e+00
9.724611663818359375e+01
8.482335090637207031e+00
9.724452972412109375e+01
8.455652236938476562e+00
9.724372863769531250e+01
8.428927421569824219e+00
9.724212646484375000e+01
8.402170181274414062e+00
9.724132537841796875e+01
8.375437736511230469e+00
9.724304962158203125e+01
8.348698616027832031e+00
9.724056243896484375e+01
8.322090148925781250e+00
9.723720550537109375e+01
8.295596122741699219e+00
9.723726654052734375e+01
8.269241333007812500e+00
9.723384857177734375e+01
8.242912292480468750e+00
9.723302459716796875e+01
8.216700553894042969e+00
9.723474121093750000e+01
8.190619468688964844e+00
9.723217010498046875e+01
8.164628028869628906e+00
9.723131561279296875e+01
8.138777732849121094e+00
9.723216247558593750e+01
8.113009452819824219e+00
9.722872924804687500e+01
8.087302207946777344e+00
9.722957611083984375e+01
8.061522483825683594e+00
9.722692871093750000e+01
8.035736083984375000e+00
9.722689819335937500e+01
8.009924888610839844e+00
9.722689056396484375e+01
7.984125614166259766e+00
9.722600555419921875e+01
7.958340644836425781e+00
9.722419738769531250e+01
7.932606697082519531e+00
9.722415161132812500e+01
7.906919956207275391e+00
9.722236633300781250e+01
7.881356239318847656e+00
9.722229766845703125e+01
7.855903625488281250e+00
9.722135925292968750e+01
7.830567359924316406e+00
9.722391510009765625e+01
7.805309295654296875e+00
9.721942138671875000e+01
7.780158996582031250e+00
9.722113800048828125e+01
7.755160808563232422e+00
9.721839141845703125e+01
7.730230808258056641e+00
9.721828460693359375e+01
7.705304622650146484e+00
9.721643066406250000e+01
7.680371761322021484e+00
9.721723937988281250e+01
7.655526638031005859e+00
9.721799468994140625e+01
7.630790233612060547e+00
9.721614074707031250e+01
7.606242656707763672e+00
9.721781921386718750e+01
7.581836700439453125e+00
9.721590423583984375e+01
7.557539463043212891e+00
9.721489715576171875e+01
7.533349514007568359e+00
9.721659088134765625e+01
7.509251594543457031e+00
9.721466827392578125e+01
7.485187530517578125e+00
9.721546936035156250e+01
7.461129188537597656e+00
9.721532440185546875e+01
7.437049388885498047e+00
9.721428680419921875e+01
7.413013458251953125e+00
9.721234130859375000e+01
7.389046669006347656e+00
9.721312713623046875e+01
7.365150451660156250e+00
9.721577453613281250e+01
7.341281414031982422e+00
9.721752166748046875e+01
7.317386627197265625e+00
9.721367645263671875e+01
7.293463230133056641e+00
9.721633148193359375e+01
7.269558906555175781e+00
9.721717834472656250e+01
7.245660305023193359e+00
9.721797943115234375e+01
7.221795558929443359e+00
9.721788787841796875e+01
7.198015689849853516e+00
9.721681976318359375e+01
7.174327850341796875e+00
9.721858215332031250e+01
7.150731563568115234e+00
9.721942138671875000e+01
7.127151489257812500e+00
9.722028350830078125e+01
7.103626251220703125e+00
9.722020721435546875e+01
7.080208778381347656e+00
9.722300720214843750e+01
7.056923866271972656e+00
9.722100830078125000e+01
7.033711433410644531e+00
9.722286224365234375e+01
7.010646820068359375e+00
9.722472381591796875e+01
6.987725734710693359e+00
9.722566986083984375e+01
6.964962959289550781e+00
9.722853088378906250e+01
6.942295074462890625e+00
9.722750091552734375e+01
6.919706821441650391e+00
9.722945404052734375e+01
6.897177219390869141e+00
9.723139953613281250e+01
6.874731540679931641e+00
9.723434448242187500e+01
6.852342128753662109e+00
9.723941040039062500e+01
6.830020904541015625e+00
9.724147033691406250e+01
6.807820796966552734e+00
9.724251556396484375e+01
6.785716533660888672e+00
9.724665832519531250e+01
6.763708591461181641e+00
9.724679565429687500e+01
6.741704463958740234e+00
9.725097656250000000e+01
6.719684123992919922e+00
9.725318145751953125e+01
6.697610378265380859e+00
9.725745391845703125e+01
6.675541877746582031e+00
9.725871276855468750e+01
6.653443813323974609e+00
9.726202392578125000e+01
6.631322383880615234e+00
9.726441955566406250e+01
6.609177589416503906e+00
9.727098083496093750e+01
6.586987495422363281e+00
9.727347564697265625e+01
6.564818859100341797e+00
9.728020477294921875e+01
6.542631626129150391e+00
9.728274536132812500e+01
6.520462036132812500e+00
9.729073333740234375e+01
6.498311042785644531e+00
9.729230499267578125e+01
6.476262092590332031e+00
9.729822540283203125e+01
6.454351902008056641e+00
9.730553436279296875e+01
6.432528972625732422e+00
9.731158447265625000e+01
6.410760402679443359e+00
9.732008361816406250e+01
6.388998031616210938e+00
9.732416534423828125e+01
6.367274761199951172e+00
9.733065032958984375e+01
6.345504760742187500e+00
9.733943939208984375e+01
6.323739051818847656e+00
9.734499359130859375e+01
6.301939964294433594e+00
9.735515594482421875e+01
6.280138969421386719e+00
9.736190032958984375e+01
6.258325099945068359e+00
9.736328125000000000e+01
6.236527442932128906e+00
9.736591339111328125e+01
6.214736938476562500e+00
9.736400604248046875e+01
6.192998409271240234e+00
9.736666107177734375e+01
6.171260356903076172e+00
9.736367797851562500e+01
6.149519443511962891e+00
9.735937500000000000e+01
6.127771854400634766e+00
9.735874176025390625e+01
6.106019020080566406e+00
9.735909271240234375e+01
6.084279537200927734e+00
9.735591125488281250e+01
6.062612056732177734e+00
9.735410308837890625e+01
6.040990352630615234e+00
9.735559844970703125e+01
6.019347190856933594e+00
9.735593414306640625e+01
5.997711181640625000e+00
9.734948730468750000e+01
5.976053237915039062e+00
9.735326385498046875e+01
5.954383373260498047e+00
9.735354614257812500e+01
5.932750701904296875e+00
9.735039520263671875e+01
5.911118507385253906e+00
9.734960174560546875e+01
5.889546871185302734e+00
9.734667205810546875e+01
5.868026256561279297e+00
9.734461212158203125e+01
5.846501827239990234e+00
9.734604644775390625e+01
5.825012207031250000e+00
9.734883880615234375e+01
5.803559303283691406e+00
9.734218597412109375e+01
5.782152652740478516e+00
9.734494781494140625e+01
5.760746002197265625e+00
9.734058380126953125e+01
5.739302158355712891e+00
9.734317779541015625e+01
5.717844486236572266e+00
9.734233856201171875e+01
5.696383953094482422e+00
9.734166717529296875e+01
5.674890518188476562e+00
9.733734130859375000e+01
5.653416633605957031e+00
9.733882904052734375e+01
5.631927013397216797e+00
9.733686065673828125e+01
5.610424995422363281e+00
9.733959197998046875e+01
5.588904857635498047e+00
9.733757781982421875e+01
5.567423343658447266e+00
9.733678436279296875e+01
5.545975685119628906e+00
9.733603668212890625e+01
5.524587154388427734e+00
9.733396148681640625e+01
5.503254890441894531e+00
9.733428192138671875e+01
5.481969356536865234e+00
9.733486175537109375e+01
5.460777759552001953e+00
9.733274078369140625e+01
5.439587593078613281e+00
9.733419799804687500e+01
5.418422698974609375e+00
9.733108520507812500e+01
5.397294044494628906e+00
9.733493041992187500e+01
5.376245021820068359e+00
9.733431243896484375e+01
5.355316162109375000e+00
9.733460235595703125e+01
5.334563732147216797e+00
9.733253479003906250e+01
5.313930034637451172e+00
9.733548736572265625e+01
5.293323040008544922e+00
9.733214569091796875e+01
5.272737026214599609e+00
9.733029937744140625e+01
5.252140522003173828e+00
9.733058166503906250e+01
5.231552600860595703e+00
9.733458709716796875e+01
5.210987091064453125e+00
9.733506774902343750e+01
5.190431594848632812e+00
9.733184051513671875e+01
5.169948577880859375e+00
9.733351135253906250e+01
5.149480342864990234e+00
9.733290863037109375e+01
5.129008769989013672e+00
9.733687591552734375e+01
5.108562469482421875e+00
9.733605957031250000e+01
5.088104724884033203e+00
9.733776092529296875e+01
5.067694664001464844e+00
9.733705139160156250e+01
5.047316074371337891e+00
9.733889007568359375e+01
5.027035713195800781e+00
9.733927154541015625e+01
5.006774902343750000e+00
9.734352874755859375e+01
4.986529827117919922e+00
9.733906555175781250e+01
4.966344356536865234e+00
9.734457397460937500e+01
4.946202754974365234e+00
9.734387207031250000e+01
4.926059722900390625e+00
9.734691619873046875e+01
4.905934333801269531e+00
9.734387207031250000e+01
4.885812759399414062e+00
9.734944915771484375e+01
4.865686893463134766e+00
9.734873962402343750e+01
4.845594406127929688e+00
9.734924316406250000e+01
4.825562477111816406e+00
9.735383605957031250e+01
4.805589199066162109e+00
9.735076141357421875e+01
4.785675525665283203e+00
9.735398101806640625e+01
4.765807151794433594e+00
9.735849761962890625e+01
4.746003627777099609e+00
9.735795593261718750e+01
4.726294040679931641e+00
9.736510467529296875e+01
4.706704616546630859e+00
9.736482238769531250e+01
4.687278270721435547e+00
9.736815643310546875e+01
4.668026924133300781e+00
9.736894989013671875e+01
4.648892879486083984e+00
9.737510681152343750e+01
4.629855155944824219e+00
9.737213897705078125e+01
4.610843181610107422e+00
9.737944793701171875e+01
4.591857910156250000e+00
9.738469696044921875e+01
4.572959899902343750e+00
9.738820648193359375e+01
4.554126739501953125e+00
9.738935852050781250e+01
4.535281658172607422e+00
9.739710998535156250e+01
4.516458988189697266e+00
9.739815521240234375e+01
4.497625350952148438e+00
9.740482330322265625e+01
4.478816509246826172e+00
9.740892791748046875e+01
4.460019588470458984e+00
9.741170501708984375e+01
4.441284179687500000e+00
9.741844940185546875e+01
4.422605514526367188e+00
9.742700958251953125e+01
4.403979778289794922e+00
9.743082427978515625e+01
4.385386943817138672e+00
9.743688201904296875e+01
4.366837978363037109e+00
9.744282531738281250e+01
4.348300457000732422e+00
9.745008087158203125e+01
4.329770565032958984e+00
9.745314788818359375e+01
4.311239719390869141e+00
9.746210479736328125e+01
4.292715072631835938e+00
9.746833801269531250e+01
4.274231910705566406e+00
9.747624206542968750e+01
4.255783557891845703e+00
9.748297882080078125e+01
4.237398624420166016e+00
9.749651336669921875e+01
4.219033718109130859e+00
9.750179290771484375e+01
4.200702667236328125e+00
9.751302337646484375e+01
4.182395935058593750e+00
9.752040863037109375e+01
4.164131164550781250e+00
9.753469085693359375e+01
4.145945072174072266e+00
9.754505920410156250e+01
4.127896785736083984e+00
9.755733489990234375e+01
4.110053539276123047e+00
9.756978607177734375e+01
4.092430591583251953e+00
9.758168029785156250e+01
4.074933528900146484e+00
9.759449768066406250e+01
4.057546138763427734e+00
9.760774993896484375e+01
4.040246009826660156e+00
9.762094879150390625e+01
4.023016452789306641e+00
9.763564300537109375e+01
4.005854129791259766e+00
9.765273284912109375e+01
3.988754987716674805e+00
9.766920471191406250e+01
3.971711397171020508e+00
9.769454956054687500e+01
3.954691648483276367e+00
9.770776367187500000e+01
3.937683582305908203e+00
9.772219848632812500e+01
3.920696258544921875e+00
9.774151611328125000e+01
3.903738498687744141e+00
9.775926208496093750e+01
3.886818408966064453e+00
9.777765655517578125e+01
3.869944810867309570e+00
9.778774261474609375e+01
3.853072404861450195e+00
9.778356170654296875e+01
3.836221456527709961e+00
9.777913665771484375e+01
3.819372177124023438e+00
9.777971649169921875e+01
3.802549362182617188e+00
9.777602386474609375e+01
3.785765171051025391e+00
9.777196502685546875e+01
3.769026279449462891e+00
9.776960754394531250e+01
3.752354860305786133e+00
9.776555633544921875e+01
3.735795259475708008e+00
9.775949096679687500e+01
3.719321966171264648e+00
9.775876617431640625e+01
3.702957630157470703e+00
9.775433349609375000e+01
3.686690568923950195e+00
9.775065612792968750e+01
3.670512437820434570e+00
9.774627685546875000e+01
3.654357671737670898e+00
9.774223327636718750e+01
3.638207197189331055e+00
9.774149322509765625e+01
3.622068881988525391e+00
9.773616027832031250e+01
3.605941772460937500e+00
9.773339080810546875e+01
3.589845657348632812e+00
9.772935485839843750e+01
3.573790311813354492e+00
9.772860717773437500e+01
3.557799577713012695e+00
9.772588348388671875e+01
3.541841268539428711e+00
9.771888732910156250e+01
3.525901794433593750e+00
9.771811676025390625e+01
3.509958744049072266e+00
9.770720672607421875e+01
3.494036912918090820e+00
9.770969390869140625e+01
3.478137254714965820e+00
9.770108795166015625e+01
3.462268114089965820e+00
9.770291900634765625e+01
3.446443319320678711e+00
9.769921112060546875e+01
3.430649280548095703e+00
9.769976043701171875e+01
3.414871215820312500e+00
9.769538879394531250e+01
3.399088382720947266e+00
9.768809509277343750e+01
3.383308887481689453e+00
9.768765258789062500e+01
3.367546081542968750e+00
9.768226623535156250e+01
3.351795196533203125e+00
9.767791748046875000e+01
3.336060762405395508e+00
9.767714691162109375e+01
3.320343017578125000e+00
9.766953277587890625e+01
3.304649353027343750e+00
9.766713714599609375e+01
3.288989305496215820e+00
9.766173553466796875e+01
3.273387193679809570e+00
9.766389465332031250e+01
3.257809162139892578e+00
9.765953826904296875e+01
3.242253065109252930e+00
9.765257263183593750e+01
3.226781129837036133e+00
9.765047454833984375e+01
3.211387395858764648e+00
9.764743041992187500e+01
3.196059226989746094e+00
9.764371490478515625e+01
3.180741071701049805e+00
9.764125061035156250e+01
3.165443420410156250e+00
9.763690185546875000e+01
3.150148153305053711e+00
9.763477325439453125e+01
3.134859800338745117e+00
9.763070678710937500e+01
3.119595050811767578e+00
9.762636566162109375e+01
3.104336500167846680e+00
9.762262725830078125e+01
3.089087247848510742e+00
9.761989593505859375e+01
3.073866367340087891e+00
9.761611175537109375e+01
3.058686017990112305e+00
9.761309051513671875e+01
3.043516635894775391e+00
9.760743713378906250e+01
3.028377771377563477e+00
9.760526275634765625e+01
3.013281106948852539e+00
9.760152435302734375e+01
2.998235464096069336e+00
9.759874725341796875e+01
2.983215093612670898e+00
9.759334564208984375e+01
2.968193054199218750e+00
9.759679412841796875e+01
2.953179121017456055e+00
9.759139251708984375e+01
2.938190221786499023e+00
9.758354187011718750e+01
2.923198699951171875e+00
9.758300018310546875e+01
2.908220052719116211e+00
9.757569122314453125e+01
2.893258810043334961e+00
9.757378387451171875e+01
2.878300428390502930e+00
9.756621551513671875e+01
2.863359212875366211e+00
9.756988525390625000e+01
2.848442554473876953e+00
9.756448364257812500e+01
2.833534955978393555e+00
9.755718994140625000e+01
2.818670988082885742e+00
9.755953979492187500e+01
2.803841829299926758e+00
9.755065155029296875e+01
2.789060115814208984e+00
9.754790496826171875e+01
2.774313688278198242e+00
9.754566955566406250e+01
2.759571075439453125e+00
9.754344940185546875e+01
2.744851827621459961e+00
9.754093170166015625e+01
2.730151414871215820e+00
9.753844451904296875e+01
2.715484142303466797e+00
9.753728485107421875e+01
2.700836896896362305e+00
9.752837371826171875e+01
2.686235904693603516e+00
9.752611541748046875e+01
2.671703577041625977e+00
9.752679443359375000e+01
2.657208204269409180e+00
9.751791381835937500e+01
2.642768859863281250e+00
9.751856231689453125e+01
2.628378391265869141e+00
9.751630401611328125e+01
2.614025115966796875e+00
9.750872802734375000e+01
2.599714994430541992e+00
9.750830841064453125e+01
2.585458993911743164e+00
9.750203704833984375e+01
2.571272611618041992e+00
9.749526214599609375e+01
2.557143449783325195e+00
9.749565887451171875e+01
2.543074131011962891e+00
9.749176025390625000e+01
2.529048204421997070e+00
9.749102020263671875e+01
2.515052795410156250e+00
9.748345947265625000e+01
2.501079559326171875e+00
9.747820281982421875e+01
2.487136602401733398e+00
9.748040008544921875e+01
2.473231077194213867e+00
9.747325897216796875e+01
2.459372997283935547e+00
9.747362518310546875e+01
2.445558547973632812e+00
9.746813201904296875e+01
2.431768417358398438e+00
9.746234893798828125e+01
2.418006658554077148e+00
9.745817565917968750e+01
2.404284715652465820e+00
9.745397186279296875e+01
2.390605926513671875e+00
9.745342254638671875e+01
2.376953125000000000e+00
9.745191955566406250e+01
2.363348007202148438e+00
9.745159149169921875e+01
2.349790334701538086e+00
9.744103240966796875e+01
2.336261749267578125e+00
9.744319152832031250e+01
2.322753906250000000e+00
9.743623352050781250e+01
2.309263944625854492e+00
9.742883300781250000e+01
2.295806646347045898e+00
9.742774200439453125e+01
2.282383680343627930e+00
9.742697906494140625e+01
2.268998861312866211e+00
9.742427062988281250e+01
2.255676031112670898e+00
9.741729736328125000e+01
2.242381811141967773e+00
9.741915130615234375e+01
2.229120016098022461e+00
9.741374969482421875e+01
2.215902090072631836e+00
9.740630340576171875e+01
2.202744245529174805e+00
9.740698242187500000e+01
2.189664840698242188e+00
9.740563201904296875e+01
2.176674842834472656e+00
9.740044403076171875e+01
2.163765430450439453e+00
9.739655303955078125e+01
2.150894880294799805e+00
9.739701080322265625e+01
2.138077020645141602e+00
9.739132690429687500e+01
2.125324964523315430e+00
9.739174652099609375e+01
2.112645626068115234e+00
9.738780975341796875e+01
2.100036382675170898e+00
9.738052368164062500e+01
2.087471485137939453e+00
9.737638092041015625e+01
2.074942111968994141e+00
9.737698364257812500e+01
2.062458276748657227e+00
9.736983489990234375e+01
2.050018787384033203e+00
9.737178802490234375e+01
2.037608861923217773e+00
9.736330413818359375e+01
2.025215148925781250e+00
9.736681365966796875e+01
2.012842893600463867e+00
9.735939788818359375e+01
2.000500202178955078e+00
9.735700988769531250e+01
1.988185763359069824e+00
9.735456848144531250e+01
1.975909233093261719e+00
9.735190582275390625e+01
1.963673472404479980e+00
9.734925079345703125e+01
1.951493144035339355e+00
9.734716033935546875e+01
1.939370751380920410e+00
9.734427642822265625e+01
1.927292227745056152e+00
9.734017181396484375e+01
1.915282130241394043e+00
9.733769226074218750e+01
1.903339624404907227e+00
9.733513641357421875e+01
1.891460061073303223e+00
9.732922363281250000e+01
1.879646658897399902e+00
9.732987976074218750e+01
1.867877602577209473e+00
9.733068084716796875e+01
1.856157541275024414e+00
9.732648468017578125e+01
1.844495773315429688e+00
9.732566070556640625e+01
1.832876563072204590e+00
9.731789398193359375e+01
1.821307778358459473e+00
9.731723022460937500e+01
1.809814333915710449e+00
9.731757354736328125e+01
1.798399329185485840e+00
9.731353759765625000e+01
1.787031531333923340e+00
9.730768585205078125e+01
1.775690436363220215e+00
9.730857086181640625e+01
1.764367341995239258e+00
9.730104827880859375e+01
1.753062248229980469e+00
9.730513763427734375e+01
1.741779208183288574e+00
9.730257415771484375e+01
1.730523467063903809e+00
9.729824066162109375e+01
1.719292640686035156e+00
9.729424285888671875e+01
1.708088278770446777e+00
9.729306030273437500e+01
1.696911096572875977e+00
9.729042816162109375e+01
1.685761451721191406e+00
9.728798675537109375e+01
1.674631118774414062e+00
9.729033660888671875e+01
1.663526535034179688e+00
9.728123474121093750e+01
1.652435302734375000e+00
9.729000854492187500e+01
1.641375422477722168e+00
9.728588867187500000e+01
1.630336046218872070e+00
9.728639221191406250e+01
1.619317054748535156e+00
9.727919006347656250e+01
1.608324408531188965e+00
9.727966308593750000e+01
1.597358584403991699e+00
9.727886199951171875e+01
1.586419701576232910e+00
9.728277587890625000e+01
1.575507998466491699e+00
9.727400207519531250e+01
1.564631819725036621e+00
9.727624511718750000e+01
1.553790688514709473e+00
9.728025817871093750e+01
1.542986750602722168e+00
9.727775573730468750e+01
1.532211303710937500e+00
9.727053833007812500e+01
1.521465182304382324e+00
9.727432250976562500e+01
1.510748863220214844e+00
9.727196502685546875e+01
1.500074028968811035e+00
9.726811981201171875e+01
1.489449858665466309e+00
9.727355194091796875e+01
1.478859901428222656e+00
9.727108764648437500e+01
1.468305945396423340e+00
9.727053070068359375e+01
1.457781672477722168e+00
9.727465057373046875e+01
1.447300195693969727e+00
9.727280426025390625e+01
1.436850190162658691e+00
9.727862548828125000e+01
1.426442384719848633e+00
9.727437591552734375e+01
1.416058778762817383e+00
9.727560424804687500e+01
1.405710577964782715e+00
9.727530670166015625e+01
1.395385980606079102e+00
9.728281402587890625e+01
1.385089993476867676e+00
9.728446197509765625e+01
1.374816894531250000e+00
9.728710937500000000e+01
1.364584922790527344e+00
9.728681945800781250e+01
1.354381561279296875e+00
9.729013824462890625e+01
1.344223022460937500e+00
9.729156494140625000e+01
1.334109544754028320e+00
9.730326080322265625e+01
1.324038028717041016e+00
9.729798889160156250e+01
1.314000010490417480e+00
9.730136871337890625e+01
1.303999781608581543e+00
9.730498504638671875e+01
1.294043064117431641e+00
9.731207275390625000e+01
1.284144639968872070e+00
9.731781005859375000e+01
1.274299979209899902e+00
9.732655334472656250e+01
1.264507889747619629e+00
9.733080291748046875e+01
1.254769682884216309e+00
9.733866119384765625e+01
1.245077967643737793e+00
9.734486389160156250e+01
1.235409259796142578e+00
9.735649871826171875e+01
1.225781679153442383e+00
9.736308288574218750e+01
1.216176390647888184e+00
9.737153625488281250e+01
1.206608653068542480e+00
9.738413238525390625e+01
1.197068572044372559e+00
9.739656066894531250e+01
1.187568187713623047e+00
9.740670013427734375e+01
1.178102850914001465e+00
9.742164611816406250e+01
1.168682456016540527e+00
9.742644500732421875e+01
1.159304738044738770e+00
9.744778442382812500e+01
1.149994373321533203e+00
9.746256256103515625e+01
1.140747904777526855e+00
9.747637939453125000e+01
1.131588101387023926e+00
9.750223541259765625e+01
1.122491240501403809e+00
9.752025604248046875e+01
1.113457560539245605e+00
9.754192352294921875e+01
1.104454040527343750e+00
9.755958557128906250e+01
1.095488905906677246e+00
9.759246063232421875e+01
1.086558341979980469e+00
9.762397766113281250e+01
1.077671408653259277e+00
9.765101623535156250e+01
1.068829536437988281e+00
9.768836975097656250e+01
1.060053229331970215e+00
9.771657562255859375e+01
1.051338672637939453e+00
9.775762176513671875e+01
1.042666077613830566e+00
9.779503631591796875e+01
1.034022331237792969e+00
9.784275054931640625e+01
1.025419116020202637e+00
9.788899230957031250e+01
1.016840219497680664e+00
9.795012664794921875e+01
1.008300304412841797e+00
9.799928283691406250e+01
9.997926950454711914e-01
9.806507110595703125e+01
9.913224577903747559e-01
9.814292144775390625e+01
9.828834533691406250e-01
9.821416473388671875e+01
9.744874835014343262e-01
9.829244232177734375e+01
9.661216139793395996e-01
9.839172363281250000e+01
9.577992558479309082e-01
9.849889373779296875e+01
9.495126008987426758e-01
9.860063171386718750e+01
9.412716031074523926e-01
9.872108459472656250e+01
9.330667853355407715e-01
9.884355926513671875e+01
9.249120950698852539e-01
9.896877288818359375e+01
9.168001413345336914e-01
9.906533050537109375e+01
9.087402224540710449e-01
9.911865997314453125e+01
9.007310271263122559e-01
9.910694885253906250e+01
8.927890658378601074e-01
9.909947967529296875e+01
8.849133849143981934e-01
9.909319305419921875e+01
8.771219253540039062e-01
9.908469390869140625e+01
8.693990111351013184e-01
9.907425689697265625e+01
8.617342114448547363e-01
9.905886077880859375e+01
8.541159629821777344e-01
9.905957031250000000e+01
8.465601801872253418e-01
9.904541015625000000e+01
8.390583395957946777e-01
9.903080749511718750e+01
8.316121101379394531e-01
9.901256561279296875e+01
8.242174983024597168e-01
9.901374816894531250e+01
8.168905377388000488e-01
9.900423431396484375e+01
8.096254467964172363e-01
9.900231933593750000e+01
8.024117350578308105e-01
9.898485565185546875e+01
7.952405810356140137e-01
9.897595977783203125e+01
7.881183028221130371e-01
9.896092987060546875e+01
7.810319662094116211e-01
9.895206451416015625e+01
7.739819884300231934e-01
9.893891906738281250e+01
7.669663429260253906e-01
9.893609619140625000e+01
7.599881291389465332e-01
9.892482757568359375e+01
7.530479431152343750e-01
9.890706634521484375e+01
7.461490631103515625e-01
9.889414215087890625e+01
7.392954826354980469e-01
9.889843750000000000e+01
7.324988842010498047e-01
9.886784362792968750e+01
7.257607579231262207e-01
9.886800384521484375e+01
7.190801501274108887e-01
9.886988067626953125e+01
7.124601006507873535e-01
9.884783935546875000e+01
7.059023380279541016e-01
9.883343505859375000e+01
6.994007825851440430e-01
9.882942962646484375e+01
6.929556727409362793e-01
9.881502532958984375e+01
6.865585446357727051e-01
9.881240081787109375e+01
6.802030205726623535e-01
9.879528045654296875e+01
6.738871932029724121e-01
9.877812957763671875e+01
6.676149368286132812e-01
9.877876281738281250e+01
6.613901257514953613e-01
9.876008605957031250e+01
6.552103161811828613e-01
9.874724578857421875e+01
6.490757465362548828e-01
9.874627685546875000e+01
6.429808139801025391e-01
9.873093414306640625e+01
6.369172930717468262e-01
9.871671295166015625e+01
6.308900117874145508e-01
9.870429992675781250e+01
6.248955130577087402e-01
9.870028686523437500e+01
6.189371347427368164e-01
9.868353271484375000e+01
6.130128502845764160e-01
9.867540740966796875e+01
6.071242690086364746e-01
9.866030883789062500e+01
6.012719273567199707e-01
9.865074157714843750e+01
5.954558849334716797e-01
9.864115142822265625e+01
5.896775722503662109e-01
9.863314056396484375e+01
5.839352011680603027e-01
9.861801910400390625e+01
5.782329440116882324e-01
9.860446166992187500e+01
5.725700259208679199e-01
9.859643554687500000e+01
5.669476389884948730e-01
9.858153533935546875e+01
5.613688230514526367e-01
9.856389617919921875e+01
5.558383464813232422e-01
9.856291961669921875e+01
5.503631234169006348e-01
9.853715515136718750e+01
5.449447035789489746e-01
9.853066253662109375e+01
5.395804643630981445e-01
9.852149963378906250e+01
5.342661738395690918e-01
9.851232147216796875e+01
5.290033221244812012e-01
9.849497222900390625e+01
5.237860083580017090e-01
9.848590087890625000e+01
5.186129808425903320e-01
9.846599578857421875e+01
5.134842991828918457e-01
9.845697784423828125e+01
5.084034800529479980e-01
9.844529724121093750e+01
5.033739805221557617e-01
9.844027709960937500e+01
4.983932673931121826e-01
9.842329406738281250e+01
4.934557080268859863e-01
9.841039276123046875e+01
4.885618388652801514e-01
9.839479827880859375e+01
4.837086200714111328e-01
9.838998413085937500e+01
4.788922965526580811e-01
9.836666107177734375e+01
4.741187095642089844e-01
9.835906982421875000e+01
4.693854749202728271e-01
9.834764862060546875e+01
4.646928906440734863e-01
9.832596588134765625e+01
4.600453972816467285e-01
9.831835937500000000e+01
4.554465413093566895e-01
9.830965423583984375e+01
4.508967995643615723e-01
9.829309082031250000e+01
4.463971257209777832e-01
9.828063964843750000e+01
4.419402778148651123e-01
9.825898742675781250e+01
4.375224113464355469e-01
9.825144195556640625e+01
4.331493079662322998e-01
9.823793792724609375e+01
4.288218617439270020e-01
9.823440551757812500e+01
4.245373904705047607e-01
9.821434783935546875e+01
4.203031659126281738e-01
9.819146728515625000e+01
4.161236286163330078e-01
9.818428039550781250e+01
4.120008945465087891e-01
9.817707824707031250e+01
4.079481661319732666e-01
9.816228485107421875e+01
4.039634764194488525e-01
9.814855194091796875e+01
4.000291526317596436e-01
9.813879394531250000e+01
3.961445987224578857e-01
9.812606811523437500e+01
3.923093974590301514e-01
9.810530090332031250e+01
3.885225355625152588e-01
9.810252380371093750e+01
3.847889602184295654e-01
9.809120941162109375e+01
3.811008930206298828e-01
9.806748962402343750e+01
3.774579763412475586e-01
9.805956268310546875e+01
3.738687932491302490e-01
9.804815673828125000e+01
3.703318536281585693e-01
9.803331756591796875e+01
3.668457567691802979e-01
9.802219390869140625e+01
3.634011447429656982e-01
9.801212310791015625e+01
3.599973917007446289e-01
9.799743652343750000e+01
3.566353023052215576e-01
9.798665618896484375e+01
3.533162176609039307e-01
9.797426605224609375e+01
3.500377535820007324e-01
9.796175384521484375e+01
3.468017280101776123e-01
9.795003509521484375e+01
3.436093926429748535e-01
9.794791412353515625e+01
3.404612243175506592e-01
9.794165039062500000e+01
3.373590409755706787e-01
9.792551422119140625e+01
3.343027532100677490e-01
9.791821289062500000e+01
3.312951028347015381e-01
9.792050170898437500e+01
3.283366560935974121e-01
9.791222381591796875e+01
3.254208862781524658e-01
9.790701293945312500e+01
3.225536644458770752e-01
9.790985107421875000e+01
3.197354972362518311e-01
9.791092681884765625e+01
3.169707655906677246e-01
9.791609954833984375e+01
3.142568767070770264e-01
9.792237854003906250e+01
3.115965723991394043e-01
9.793455505371093750e+01
3.089931607246398926e-01
9.794456481933593750e+01
3.064469695091247559e-01
9.796535491943359375e+01
3.039429783821105957e-01
9.799913787841796875e+01
3.014891445636749268e-01
9.804317474365234375e+01
2.990828454494476318e-01
9.809002685546875000e+01
2.967289388179779053e-01
9.815663146972656250e+01
2.944179475307464600e-01
9.824324035644531250e+01
2.921659052371978760e-01
9.836934661865234375e+01
2.899578213691711426e-01
9.853784179687500000e+01
2.878052294254302979e-01
9.875039672851562500e+01
2.857046127319335938e-01
9.908689880371093750e+01
2.836527526378631592e-01
9.958144378662109375e+01
2.816414237022399902e-01
1.003334732055664062e+02
2.796930372714996338e-01
9.943989562988281250e+01
2.777877748012542725e-01
9.780213928222656250e+01
2.758975625038146973e-01
9.623239898681640625e+01
2.740283906459808350e-01
9.506646728515625000e+01
2.722183167934417725e-01
9.466694641113281250e+01
2.704612910747528076e-01
9.465147399902343750e+01
2.687470018863677979e-01
9.464694976806640625e+01
2.670724987983703613e-01
9.465612030029296875e+01
2.654472291469573975e-01
9.464792633056640625e+01
2.639017999172210693e-01
9.803304290771484375e+01
3.395233154296875000e-01
9.803304290771484375e+01
3.361642956733703613e-01
9.803108978271484375e+01
3.331433236598968506e-01
9.803166961669921875e+01
3.301512897014617920e-01
9.803026580810546875e+01
3.272277712821960449e-01
9.803019714355468750e+01
3.243237733840942383e-01
9.802877044677734375e+01
3.214923739433288574e-01
9.802796936035156250e+01
3.186799585819244385e-01
9.802650451660156250e+01
3.159446120262145996e-01
9.802629089355468750e+01
3.132264316082000732e-01
9.802571868896484375e+01
3.105835914611816406e-01
9.802545166015625000e+01
3.079569935798645020e-01
9.802416992187500000e+01
3.054149448871612549e-01
9.802352142333984375e+01
3.028785288333892822e-01
9.802159881591796875e+01
3.004470467567443848e-01
9.802153778076171875e+01
2.979922592639923096e-01
9.802012634277343750e+01
2.956596612930297852e-01
9.801903533935546875e+01
2.932820022106170654e-01
9.801946258544921875e+01
2.910374999046325684e-01
9.801707458496093750e+01
2.887409031391143799e-01
9.801649475097656250e+01
2.865913808345794678e-01
9.801558685302734375e+01
2.843868434429168701e-01
9.801464843750000000e+01
2.823345065116882324e-01
9.801335906982421875e+01
2.802302539348602295e-01
9.801296234130859375e+01
2.782701253890991211e-01
9.801129150390625000e+01
2.762782275676727295e-01
9.801017761230468750e+01
2.744257748126983643e-01
9.792987823486328125e+01
3.647978007793426514e-01
9.792995452880859375e+01
3.611381053924560547e-01
9.792877960205078125e+01
3.577316403388977051e-01
9.792726898193359375e+01
3.543466925621032715e-01
9.792695617675781250e+01
3.510342240333557129e-01
9.792601776123046875e+01
3.477341830730438232e-01
9.792504119873046875e+01
3.445137739181518555e-01
9.792464447021484375e+01
3.413130939006805420e-01
9.792330932617187500e+01
3.381981551647186279e-01
9.792196655273437500e+01
3.350955843925476074e-01
9.792058563232421875e+01
3.320716321468353271e-01
9.792009735107421875e+01
3.290646076202392578e-01
9.791924285888671875e+01
3.261394500732421875e-01
9.791896820068359375e+01
3.232284486293792725e-01
9.791809844970703125e+01
3.204018771648406982e-01
9.791597747802734375e+01
3.175826966762542725e-01
9.791562652587890625e+01
3.148541152477264404e-01
9.791375732421875000e+01
3.121239840984344482e-01
9.791300964355468750e+01
3.095113933086395264e-01
9.791226196289062500e+01
3.068688511848449707e-01
9.791147613525390625e+01
3.043697774410247803e-01
9.790917205810546875e+01
3.018064200878143311e-01
9.790832519531250000e+01
2.994007766246795654e-01
9.790715026855468750e+01
2.969188094139099121e-01
9.790652465820312500e+01
2.946214377880096436e-01
9.790557098388671875e+01
2.922298908233642578e-01
9.790428924560546875e+01
2.900107204914093018e-01
9.790324401855468750e+01
2.877318561077117920e-01
9.790184783935546875e+01
2.856640219688415527e-01
9.790045928955078125e+01
2.837275564670562744e-01
9.654205322265625000e+01
3.951576948165893555e-01
9.653960418701171875e+01
3.910293579101562500e-01
9.653713226318359375e+01
3.872253894805908203e-01
9.653438568115234375e+01
3.834481835365295410e-01
9.653108215332031250e+01
3.797356784343719482e-01
9.652819061279296875e+01
3.760600686073303223e-01
9.652573394775390625e+01
3.724435269832611084e-01
9.652243041992187500e+01
3.688642382621765137e-01
9.651958465576171875e+01
3.653459846973419189e-01
9.651670837402343750e+01
3.618640899658203125e-01
9.651380920410156250e+01
3.584420979022979736e-01
9.651071166992187500e+01
3.550429940223693848e-01
9.650784301757812500e+01
3.517140448093414307e-01
9.650505065917968750e+01
3.484163582324981689e-01
9.650151824951171875e+01
3.451786339282989502e-01
9.649843597412109375e+01
3.419767618179321289e-01
9.649544525146484375e+01
3.388349711894989014e-01
9.649198150634765625e+01
3.357293009757995605e-01
9.648880767822265625e+01
3.326888084411621094e-01
9.648555755615234375e+01
3.296801745891571045e-01
9.648260498046875000e+01
3.267358243465423584e-01
9.647927093505859375e+01
3.238090574741363525e-01
9.647546386718750000e+01
3.209528923034667969e-01
9.647222900390625000e+01
3.181097209453582764e-01
9.646878051757812500e+01
3.153535723686218262e-01
9.646533966064453125e+01
3.125855624675750732e-01
9.646182250976562500e+01
3.099296391010284424e-01
9.645853424072265625e+01
3.072446882724761963e-01
9.645421600341796875e+01
3.046842515468597412e-01
9.645143890380859375e+01
3.020919263362884521e-01
9.644709777832031250e+01
2.996273040771484375e-01
9.644368743896484375e+01
2.971571981906890869e-01
9.644004821777343750e+01
2.948012053966522217e-01
9.643593597412109375e+01
2.924343943595886230e-01
9.643215179443359375e+01
2.901695072650909424e-01
9.642854309082031250e+01
2.879299223423004150e-01
9.642440032958984375e+01
2.858389317989349365e-01
9.642061614990234375e+01
2.839868962764739990e-01
9.641652679443359375e+01
2.835688591003417969e-01
9.641223144531250000e+01
2.852079570293426514e-01
9.640813446044921875e+01
2.885473072528839111e-01
9.570120239257812500e+01
4.526585042476654053e-01
9.569828033447265625e+01
4.475583732128143311e-01
9.569545745849609375e+01
4.431438148021697998e-01
9.569203948974609375e+01
4.388625323772430420e-01
9.568916320800781250e+01
4.346208274364471436e-01
9.568611907958984375e+01
4.304355084896087646e-01
9.568331146240234375e+01
4.262943863868713379e-01
9.568036651611328125e+01
4.222027957439422607e-01
9.567653656005859375e+01
4.181569516658782959e-01
9.567363739013671875e+01
4.141621589660644531e-01
9.567015838623046875e+01
4.102251231670379639e-01
9.566680908203125000e+01
4.063416421413421631e-01
9.566396331787109375e+01
4.025039374828338623e-01
9.566024017333984375e+01
3.987167775630950928e-01
9.565719604492187500e+01
3.949595391750335693e-01
9.565383148193359375e+01
3.912496268749237061e-01
9.565071105957031250e+01
3.875795900821685791e-01
9.564727020263671875e+01
3.839483559131622314e-01
9.564353179931640625e+01
3.803584277629852295e-01
9.563982391357421875e+01
3.768117129802703857e-01
9.563667297363281250e+01
3.733068108558654785e-01
9.563301849365234375e+01
3.698443472385406494e-01
9.562911224365234375e+01
3.664326965808868408e-01
9.562562561035156250e+01
3.630589544773101807e-01
9.562167358398437500e+01
3.597283065319061279e-01
9.561812591552734375e+01
3.564411997795104980e-01
9.561478424072265625e+01
3.532001376152038574e-01
9.561066436767578125e+01
3.500065803527832031e-01
9.560690307617187500e+01
3.468609750270843506e-01
9.560317230224609375e+01
3.437618911266326904e-01
9.559896087646484375e+01
3.407033383846282959e-01
9.559555053710937500e+01
3.376966416835784912e-01
9.559117889404296875e+01
3.347269296646118164e-01
9.558712005615234375e+01
3.318218290805816650e-01
9.558333587646484375e+01
3.289431035518646240e-01
9.557891845703125000e+01
3.261136710643768311e-01
9.557463073730468750e+01
3.233249485492706299e-01
9.557031250000000000e+01
3.206045329570770264e-01
9.556636047363281250e+01
3.179129362106323242e-01
9.556164550781250000e+01
3.152505159378051758e-01
9.555714416503906250e+01
3.126398324966430664e-01
9.555303192138671875e+01
3.101204037666320801e-01
9.554859924316406250e+01
3.076070845127105713e-01
9.554395294189453125e+01
3.052700757980346680e-01
9.156992340087890625e+01
4.843205511569976807e-01
9.156455993652343750e+01
4.790872037410736084e-01
9.155913543701171875e+01
4.742529094219207764e-01
9.155370330810546875e+01
4.694585800170898438e-01
9.154808807373046875e+01
4.647081494331359863e-01
9.154254150390625000e+01
4.600047171115875244e-01
9.153682708740234375e+01
4.553386867046356201e-01
9.153103637695312500e+01
4.507233798503875732e-01
9.152503204345703125e+01
4.461483657360076904e-01
9.151921844482421875e+01
4.416194856166839600e-01
9.151316833496093750e+01
4.371390938758850098e-01
9.150744628906250000e+01
4.327110946178436279e-01
9.150123596191406250e+01
4.283247590065002441e-01
9.149498748779296875e+01
4.240073859691619873e-01
9.148848724365234375e+01
4.197249114513397217e-01
9.148235321044921875e+01
4.154961705207824707e-01
9.147593688964843750e+01
4.113132953643798828e-01
9.146925354003906250e+01
4.071762263774871826e-01
9.146278381347656250e+01
4.030895233154296875e-01
9.145598602294921875e+01
3.990539312362670898e-01
9.144918060302734375e+01
3.950577676296234131e-01
9.144232177734375000e+01
3.911188542842864990e-01
9.143516540527343750e+01
3.872289061546325684e-01
9.142800140380859375e+01
3.833833932876586914e-01
9.142088317871093750e+01
3.795859515666961670e-01
9.141377258300781250e+01
3.758421242237091064e-01
9.140619659423828125e+01
3.721368014812469482e-01
9.139855194091796875e+01
3.684917390346527100e-01
9.139091491699218750e+01
3.648872077465057373e-01
9.138321685791015625e+01
3.613459169864654541e-01
9.137532806396484375e+01
3.578391969203948975e-01
9.136722564697265625e+01
3.544028699398040771e-01
9.135910797119140625e+01
3.509981632232666016e-01
9.135063934326171875e+01
3.476740121841430664e-01
9.134231567382812500e+01
3.443726003170013428e-01
9.133348846435546875e+01
3.411615490913391113e-01
9.132503509521484375e+01
3.379843235015869141e-01
9.131591033935546875e+01
3.348994851112365723e-01
9.130694580078125000e+01
3.318285644054412842e-01
9.129769134521484375e+01
3.288378417491912842e-01
9.128828430175781250e+01
3.258804976940155029e-01
9.127858734130859375e+01
3.229936361312866211e-01
9.126885986328125000e+01
3.201070427894592285e-01
9.125865936279296875e+01
3.173114955425262451e-01
9.124867248535156250e+01
3.145543038845062256e-01
9.123796844482421875e+01
3.118449449539184570e-01
9.122737121582031250e+01
3.092130720615386963e-01
8.782195281982421875e+01
5.581088066101074219e-01
8.781262207031250000e+01
5.518299937248229980e-01
8.780295562744140625e+01
5.460648536682128906e-01
8.779321289062500000e+01
5.403583645820617676e-01
8.778330230712890625e+01
5.346912741661071777e-01
8.777333831787109375e+01
5.290738940238952637e-01
8.776310729980468750e+01
5.235064029693603516e-01
8.775283050537109375e+01
5.179816484451293945e-01
8.774234008789062500e+01
5.125042200088500977e-01
8.773175811767578125e+01
5.070836544036865234e-01
8.772071838378906250e+01
5.017098784446716309e-01
8.770949554443359375e+01
4.963938891887664795e-01
8.769829559326171875e+01
4.911463856697082520e-01
8.768685913085937500e+01
4.859603345394134521e-01
8.767514038085937500e+01
4.808412492275238037e-01
8.766323852539062500e+01
4.757905602455139160e-01
8.765117645263671875e+01
4.707939624786376953e-01
8.763845062255859375e+01
4.658554494380950928e-01
8.762613677978515625e+01
4.609878063201904297e-01
8.761299133300781250e+01
4.561781585216522217e-01
8.760000610351562500e+01
4.514206349849700928e-01
8.758666229248046875e+01
4.467255175113677979e-01
8.757287597656250000e+01
4.420831799507141113e-01
8.755895996093750000e+01
4.374888837337493896e-01
8.754447937011718750e+01
4.329466521739959717e-01
8.752978515625000000e+01
4.284544587135314941e-01
8.751496124267578125e+01
4.240059554576873779e-01
8.749946594238281250e+01
4.196083247661590576e-01
8.748387145996093750e+01
4.152660071849822998e-01
8.746779632568359375e+01
